1
Filling buffer...
EP: 0|EpR: 508862| Q*: 508862| T: 207|N:0.150
done
evaluation
 Q*: 508862
 pwc*: 403979
 opc*: 104883
action
70
48
[210   0 303  30 164  47 261  30 110  30 147  30 192  30 343  35 121  25
 322  30 121  40 234   0 315   0 219  47 124  35 354  35 110  40 339  30
 174  35 151  40 114  47 259  47 162  37 319   0]
[420   0 303  30 164  47 261  30 110  30 147  30 192  30 343  35 121  25
 322  30 121  40 234   0 315   0 219  47 124  35 354  35 110  40 339  30
 174  35 151  40 114  47 259  47 162  37 319   0]
[630   0 303  30 164  47 261  30 110  30 147  30 192  30 343  35 121  25
 322  30 121  40 234   0 315   0 219  47 124  35 354  35 110  40 339  30
 174  35 151  40 114  47 259  47 162  37 319   0]
[840   0 303  30 164  47 261  30 110  30 147  30 192  30 343  35 121  25
 322  30 121  40 234   0 315   0 219  47 124  35 354  35 110  40 339  30
 174  35 151  40 114  47 259  47 162  37 319   0]
[1050    0  303   30  164   47  261   30  110   30  147   30  192   30
  343   35  121   25  322   30  121   40  234    0  315    0  219   47
  124   35  354   35  110   40  339   30  174   35  151   40  114   47
  259   47  162   37  319    0]
[1260    0  303   30  164   47  261   30  110   30  147   30  192   30
  343   35  121   25  322   30  121   40  234    0  315    0  219   47
  124   35  354   35  110   40  339   30  174   35  151   40  114   47
  259   47  162   37  319    0]
[1470    0  303   30  164   47  261   30  110   30  147   30  192   30
  343   35  121   25  322   30  121   40  234    0  315    0  219   47
  124   35  354   35  110   40  339   30  174   35  151   40  114   47
  259   47  162   37  319    0]
[1680    0  303   30  164   47  261   30  110   30  147   30  192   30
  343   35  121   25  322   30  121   40  234    0  315    0  219   47
  124   35  354   35  110   40  339   30  174   35  151   40  114   47
  259   47  162   37  319    0]
[1890    0  303   30  164   47  261   30  110   30  147   30  192   30
  343   35  121   25  322   30  121   40  234    0  315    0  219   47
  124   35  354   35  110   40  339   30  174   35  151   40  114   47
  259   47  162   37  319    0]
[2100    0  303   30  164   47  261   30  110   30  147   30  192   30
  343   35  121   25  322   30  121   40  234    0  315    0  219   47
  124   35  354   35  110   40  339   30  174   35  151   40  114   47
  259   47  162   37  319    0]
[2310    0  303   30  164   47  261   30  110   30  147   30  192   30
  343   35  121   25  322   30  121   40  234    0  315    0  219   47
  124   35  354   35  110   40  339   30  174   35  151   40  114   47
  259   47  162   37  319    0]
[2520    0  303   30  164   47  261   30  110   30  147   30  192   30
  343   35  121   25  322   30  121   40  234    0  315    0  219   47
  124   35  354   35  110   40  339   30  174   35  151   40  114   47
  259   47  162   37  319    0]
[2730    0  303   30  164   47  261   30  110   30  147   30  192   30
  343   35  121   25  322   30  121   40  234    0  315    0  219   47
  124   35  354   35  110   40  339   30  174   35  151   40  114   47
  259   47  162   37  319    0]
[2940    0  303   30  164   47  261   30  110   30  147   30  192   30
  343   35  121   25  322   30  121   40  234    0  315    0  219   47
  124   35  354   35  110   40  339   30  174   35  151   40  114   47
  259   47  162   37  319    0]
[3150    0  303   30  164   47  261   30  110   30  147   30  192   30
  343   35  121   25  322   30  121   40  234    0  315    0  219   47
  124   35  354   35  110   40  339   30  174   35  151   40  114   47
  259   47  162   37  319    0]
[3360    0  303   30  164   47  261   30  110   30  147   30  192   30
  343   35  121   25  322   30  121   40  234    0  315    0  219   47
  124   35  354   35  110   40  339   30  174   35  151   40  114   47
  259   47  162   37  319    0]
[3570    0  303   30  164   47  261   30  110   30  147   30  192   30
  343   35  121   25  322   30  121   40  234    0  315    0  219   47
  124   35  354   35  110   40  339   30  174   35  151   40  114   47
  259   47  162   37  319    0]
[3780    0  303   30  164   47  261   30  110   30  147   30  192   30
  343   35  121   25  322   30  121   40  234    0  315    0  219   47
  124   35  354   35  110   40  339   30  174   35  151   40  114   47
  259   47  162   37  319    0]
[3990    0  303   30  164   47  261   30  110   30  147   30  192   30
  343   35  121   25  322   30  121   40  234    0  315    0  219   47
  124   35  354   35  110   40  339   30  174   35  151   40  114   47
  259   47  162   37  319    0]
[4200    0  303   30  164   47  261   30  110   30  147   30  192   30
  343   35  121   25  322   30  121   40  234    0  315    0  219   47
  124   35  354   35  110   40  339   30  174   35  151   40  114   47
  259   47  162   37  319    0]
[4410    0  303   30  164   47  261   30  110   30  147   30  192   30
  343   35  121   25  322   30  121   40  234    0  315    0  219   47
  124   35  354   35  110   40  339   30  174   35  151   40  114   47
  259   47  162   37  319    0]
[4620    0  303   30  164   47  261   30  110   30  147   30  192   30
  343   35  121   25  322   30  121   40  234    0  315    0  219   47
  124   35  354   35  110   40  339   30  174   35  151   40  114   47
  259   47  162   37  319    0]
[4830    0  303   30  164   47  261   30  110   30  147   30  192   30
  343   35  121   25  322   30  121   40  234    0  315    0  219   47
  124   35  354   35  110   40  339   30  174   35  151   40  114   47
  259   47  162   37  319    0]
[5040    0  303   30  164   47  261   30  110   30  147   30  192   30
  343   35  121   25  322   30  121   40  234    0  315    0  219   47
  124   35  354   35  110   40  339   30  174   35  151   40  114   47
  259   47  162   37  319    0]
[5250    0  303   30  164   47  261   30  110   30  147   30  192   30
  343   35  121   25  322   30  121   40  234    0  315    0  219   47
  124   35  354   35  110   40  339   30  174   35  151   40  114   47
  259   47  162   37  319    0]
[5460    0  303   30  164   47  261   30  110   30  147   30  192   30
  343   35  121   25  322   30  121   40  234    0  315    0  219   47
  124   35  354   35  110   40  339   30  174   35  151   40  114   47
  259   47  162   37  319    0]
[5670    0  303   30  164   47  261   30  110   30  147   30  192   30
  343   35  121   25  322   30  121   40  234    0  315    0  219   47
  124   35  354   35  110   40  339   30  174   35  151   40  114   47
  259   47  162   37  319    0]
[5880    0  303   30  164   47  261   30  110   30  147   30  192   30
  343   35  121   25  322   30  121   40  234    0  315    0  219   47
  124   35  354   35  110   40  339   30  174   35  151   40  114   47
  259   47  162   37  319    0]
[6090    0  303   30  164   47  261   30  110   30  147   30  192   30
  343   35  121   25  322   30  121   40  234    0  315    0  219   47
  124   35  354   35  110   40  339   30  174   35  151   40  114   47
  259   47  162   37  319    0]
[6300    0  303   30  164   47  261   30  110   30  147   30  192   30
  343   35  121   25  322   30  121   40  234    0  315    0  219   47
  124   35  354   35  110   40  339   30  174   35  151   40  114   47
  259   47  162   37  319    0]
[6510    0  303   30  164   47  261   30  110   30  147   30  192   30
  343   35  121   25  322   30  121   40  234    0  315    0  219   47
  124   35  354   35  110   40  339   30  174   35  151   40  114   47
  259   47  162   37  319    0]
[6720    0  303   30  164   47  261   30  110   30  147   30  192   30
  343   35  121   25  322   30  121   40  234    0  315    0  219   47
  124   35  354   35  110   40  339   30  174   35  151   40  114   47
  259   47  162   37  319    0]
[6930    0  303   30  164   47  261   30  110   30  147   30  192   30
  343   35  121   25  322   30  121   40  234    0  315    0  219   47
  124   35  354   35  110   40  339   30  174   35  151   40  114   47
  259   47  162   37  319    0]
[7140    0  303   30  164   47  261   30  110   30  147   30  192   30
  343   35  121   25  322   30  121   40  234    0  315    0  219   47
  124   35  354   35  110   40  339   30  174   35  151   40  114   47
  259   47  162   37  319    0]
[7350    0  303   30  164   47  261   30  110   30  147   30  192   30
  343   35  121   25  322   30  121   40  234    0  315    0  219   47
  124   35  354   35  110   40  339   30  174   35  151   40  114   47
  259   47  162   37  319    0]
[7560    0  303   30  164   47  261   30  110   30  147   30  192   30
  343   35  121   25  322   30  121   40  234    0  315    0  219   47
  124   35  354   35  110   40  339   30  174   35  151   40  114   47
  259   47  162   37  319    0]
[7770    0  303   30  164   47  261   30  110   30  147   30  192   30
  343   35  121   25  322   30  121   40  234    0  315    0  219   47
  124   35  354   35  110   40  339   30  174   35  151   40  114   47
  259   47  162   37  319    0]
[7980    0  303   30  164   47  261   30  110   30  147   30  192   30
  343   35  121   25  322   30  121   40  234    0  315    0  219   47
  124   35  354   35  110   40  339   30  174   35  151   40  114   47
  259   47  162   37  319    0]
[8190    0  303   30  164   47  261   30  110   30  147   30  192   30
  343   35  121   25  322   30  121   40  234    0  315    0  219   47
  124   35  354   35  110   40  339   30  174   35  151   40  114   47
  259   47  162   37  319    0]
[8400    0  303   30  164   47  261   30  110   30  147   30  192   30
  343   35  121   25  322   30  121   40  234    0  315    0  219   47
  124   35  354   35  110   40  339   30  174   35  151   40  114   47
  259   47  162   37  319    0]
[8610    0  303   30  164   47  261   30  110   30  147   30  192   30
  343   35  121   25  322   30  121   40  234    0  315    0  219   47
  124   35  354   35  110   40  339   30  174   35  151   40  114   47
  259   47  162   37  319    0]
[8820    0  303   30  164   47  261   30  110   30  147   30  192   30
  343   35  121   25  322   30  121   40  234    0  315    0  219   47
  124   35  354   35  110   40  339   30  174   35  151   40  114   47
  259   47  162   37  319    0]
[9030    0  303   30  164   47  261   30  110   30  147   30  192   30
  343   35  121   25  322   30  121   40  234    0  315    0  219   47
  124   35  354   35  110   40  339   30  174   35  151   40  114   47
  259   47  162   37  319    0]
[9240    0  303   30  164   47  261   30  110   30  147   30  192   30
  343   35  121   25  322   30  121   40  234    0  315    0  219   47
  124   35  354   35  110   40  339   30  174   35  151   40  114   47
  259   47  162   37  319    0]
[9450    0  303   30  164   47  261   30  110   30  147   30  192   30
  343   35  121   25  322   30  121   40  234    0  315    0  219   47
  124   35  354   35  110   40  339   30  174   35  151   40  114   47
  259   47  162   37  319    0]
[9660    0  303   30  164   47  261   30  110   30  147   30  192   30
  343   35  121   25  322   30  121   40  234    0  315    0  219   47
  124   35  354   35  110   40  339   30  174   35  151   40  114   47
  259   47  162   37  319    0]
[9870    0  303   30  164   47  261   30  110   30  147   30  192   30
  343   35  121   25  322   30  121   40  234    0  315    0  219   47
  124   35  354   35  110   40  339   30  174   35  151   40  114   47
  259   47  162   37  319    0]
[10080     0   303    30   164    47   261    30   110    30   147    30
   192    30   343    35   121    25   322    30   121    40   234     0
   315     0   219    47   124    35   354    35   110    40   339    30
   174    35   151    40   114    47   259    47   162    37   319     0]
[10290     0   303    30   164    47   261    30   110    30   147    30
   192    30   343    35   121    25   322    30   121    40   234     0
   315     0   219    47   124    35   354    35   110    40   339    30
   174    35   151    40   114    47   259    47   162    37   319     0]
[10500     0   303    30   164    47   261    30   110    30   147    30
   192    30   343    35   121    25   322    30   121    40   234     0
   315     0   219    47   124    35   354    35   110    40   339    30
   174    35   151    40   114    47   259    47   162    37   319     0]
[10710     0   303    30   164    47   261    30   110    30   147    30
   192    30   343    35   121    25   322    30   121    40   234     0
   315     0   219    47   124    35   354    35   110    40   339    30
   174    35   151    40   114    47   259    47   162    37   319     0]
[10920     0   303    30   164    47   261    30   110    30   147    30
   192    30   343    35   121    25   322    30   121    40   234     0
   315     0   219    47   124    35   354    35   110    40   339    30
   174    35   151    40   114    47   259    47   162    37   319     0]
[11130     0   303    30   164    47   261    30   110    30   147    30
   192    30   343    35   121    25   322    30   121    40   234     0
   315     0   219    47   124    35   354    35   110    40   339    30
   174    35   151    40   114    47   259    47   162    37   319     0]
[11340     0   303    30   164    47   261    30   110    30   147    30
   192    30   343    35   121    25   322    30   121    40   234     0
   315     0   219    47   124    35   354    35   110    40   339    30
   174    35   151    40   114    47   259    47   162    37   319     0]
[11550     0   303    30   164    47   261    30   110    30   147    30
   192    30   343    35   121    25   322    30   121    40   234     0
   315     0   219    47   124    35   354    35   110    40   339    30
   174    35   151    40   114    47   259    47   162    37   319     0]
[11760     0   303    30   164    47   261    30   110    30   147    30
   192    30   343    35   121    25   322    30   121    40   234     0
   315     0   219    47   124    35   354    35   110    40   339    30
   174    35   151    40   114    47   259    47   162    37   319     0]
[11970     0   303    30   164    47   261    30   110    30   147    30
   192    30   343    35   121    25   322    30   121    40   234     0
   315     0   219    47   124    35   354    35   110    40   339    30
   174    35   151    40   114    47   259    47   162    37   319     0]
[12180     0   303    30   164    47   261    30   110    30   147    30
   192    30   343    35   121    25   322    30   121    40   234     0
   315     0   219    47   124    35   354    35   110    40   339    30
   174    35   151    40   114    47   259    47   162    37   319     0]
[12390     0   303    30   164    47   261    30   110    30   147    30
   192    30   343    35   121    25   322    30   121    40   234     0
   315     0   219    47   124    35   354    35   110    40   339    30
   174    35   151    40   114    47   259    47   162    37   319     0]
[12600     0   303    30   164    47   261    30   110    30   147    30
   192    30   343    35   121    25   322    30   121    40   234     0
   315     0   219    47   124    35   354    35   110    40   339    30
   174    35   151    40   114    47   259    47   162    37   319     0]
[12810     0   303    30   164    47   261    30   110    30   147    30
   192    30   343    35   121    25   322    30   121    40   234     0
   315     0   219    47   124    35   354    35   110    40   339    30
   174    35   151    40   114    47   259    47   162    37   319     0]
[13020     0   303    30   164    47   261    30   110    30   147    30
   192    30   343    35   121    25   322    30   121    40   234     0
   315     0   219    47   124    35   354    35   110    40   339    30
   174    35   151    40   114    47   259    47   162    37   319     0]
[13230     0   303    30   164    47   261    30   110    30   147    30
   192    30   343    35   121    25   322    30   121    40   234     0
   315     0   219    47   124    35   354    35   110    40   339    30
   174    35   151    40   114    47   259    47   162    37   319     0]
[13440     0   303    30   164    47   261    30   110    30   147    30
   192    30   343    35   121    25   322    30   121    40   234     0
   315     0   219    47   124    35   354    35   110    40   339    30
   174    35   151    40   114    47   259    47   162    37   319     0]
[13650     0   303    30   164    47   261    30   110    30   147    30
   192    30   343    35   121    25   322    30   121    40   234     0
   315     0   219    47   124    35   354    35   110    40   339    30
   174    35   151    40   114    47   259    47   162    37   319     0]
[13860     0   303    30   164    47   261    30   110    30   147    30
   192    30   343    35   121    25   322    30   121    40   234     0
   315     0   219    47   124    35   354    35   110    40   339    30
   174    35   151    40   114    47   259    47   162    37   319     0]
[14070     0   303    30   164    47   261    30   110    30   147    30
   192    30   343    35   121    25   322    30   121    40   234     0
   315     0   219    47   124    35   354    35   110    40   339    30
   174    35   151    40   114    47   259    47   162    37   319     0]
[14280     0   303    30   164    47   261    30   110    30   147    30
   192    30   343    35   121    25   322    30   121    40   234     0
   315     0   219    47   124    35   354    35   110    40   339    30
   174    35   151    40   114    47   259    47   162    37   319     0]
[14490     0   303    30   164    47   261    30   110    30   147    30
   192    30   343    35   121    25   322    30   121    40   234     0
   315     0   219    47   124    35   354    35   110    40   339    30
   174    35   151    40   114    47   259    47   162    37   319     0]
[14700     0   303    30   164    47   261    30   110    30   147    30
   192    30   343    35   121    25   322    30   121    40   234     0
   315     0   219    47   124    35   354    35   110    40   339    30
   174    35   151    40   114    47   259    47   162    37   319     0]
state_opt
73
[1.00000000e+00 2.10000000e+02 2.10000000e+02 5.13000000e+02
 5.43000000e+02 7.07000000e+02 7.54000000e+02 1.01500000e+03
 1.04500000e+03 1.15500000e+03 1.18500000e+03 1.33200000e+03
 1.36200000e+03 1.55400000e+03 1.58400000e+03 1.92700000e+03
 1.96200000e+03 2.08300000e+03 2.10800000e+03 2.43000000e+03
 2.46000000e+03 2.58100000e+03 2.62100000e+03 2.85500000e+03
 2.85500000e+03 3.17000000e+03 3.17000000e+03 3.38900000e+03
 3.43600000e+03 3.56000000e+03 3.59500000e+03 3.94900000e+03
 3.98400000e+03 4.09400000e+03 4.13400000e+03 4.47300000e+03
 4.50300000e+03 4.67700000e+03 4.71200000e+03 4.86300000e+03
 4.90300000e+03 5.01700000e+03 5.06400000e+03 5.32300000e+03
 5.37000000e+03 5.53200000e+03 5.56900000e+03 5.88800000e+03
 5.88800000e+03 0.00000000e+00 2.66044776e+02 1.26721569e+02
 2.27993994e+01 2.15493732e+02 1.50438596e+01 0.00000000e+00
 0.00000000e+00 0.00000000e+00 0.00000000e+00 0.00000000e+00
 0.00000000e+00 1.04160000e+02 1.74400000e+02 7.72888889e+01
 1.29603333e+02 0.00000000e+00 4.43555556e+01 9.17155556e+01
 0.00000000e+00 0.00000000e+00 0.00000000e+00 0.00000000e+00
 0.00000000e+00]
[2.00000000e+00 4.20000000e+02 4.20000000e+02 7.23000000e+02
 7.53000000e+02 9.17000000e+02 9.64000000e+02 1.22500000e+03
 1.25500000e+03 1.36500000e+03 1.39500000e+03 1.54200000e+03
 1.57200000e+03 1.76400000e+03 1.79400000e+03 2.13700000e+03
 2.17200000e+03 2.29300000e+03 2.31800000e+03 2.64000000e+03
 2.67000000e+03 2.79100000e+03 2.83100000e+03 3.06500000e+03
 3.06500000e+03 3.38000000e+03 3.38000000e+03 3.59900000e+03
 3.64600000e+03 3.77000000e+03 3.80500000e+03 4.15900000e+03
 4.19400000e+03 4.30400000e+03 4.34400000e+03 4.68300000e+03
 4.71300000e+03 4.88700000e+03 4.92200000e+03 5.07300000e+03
 5.11300000e+03 5.22700000e+03 5.27400000e+03 5.53300000e+03
 5.58000000e+03 5.74200000e+03 5.77900000e+03 6.09800000e+03
 6.09800000e+03 0.00000000e+00 4.96616915e+02 2.25081643e+02
 4.19411411e+01 3.98171159e+02 2.40701754e+01 0.00000000e+00
 0.00000000e+00 0.00000000e+00 0.00000000e+00 0.00000000e+00
 0.00000000e+00 2.08320000e+02 3.03262222e+02 1.40188889e+02
 2.33578889e+02 0.00000000e+00 7.04144444e+01 1.65192222e+02
 0.00000000e+00 0.00000000e+00 0.00000000e+00 0.00000000e+00
 0.00000000e+00]
[3.00000000e+00 6.30000000e+02 6.30000000e+02 9.33000000e+02
 9.63000000e+02 1.12700000e+03 1.17400000e+03 1.43500000e+03
 1.46500000e+03 1.57500000e+03 1.60500000e+03 1.75200000e+03
 1.78200000e+03 1.97400000e+03 2.00400000e+03 2.34700000e+03
 2.38200000e+03 2.50300000e+03 2.52800000e+03 2.85000000e+03
 2.88000000e+03 3.00100000e+03 3.04100000e+03 3.27500000e+03
 3.27500000e+03 3.59000000e+03 3.59000000e+03 3.80900000e+03
 3.85600000e+03 3.98000000e+03 4.01500000e+03 4.36900000e+03
 4.40400000e+03 4.51400000e+03 4.55400000e+03 4.89300000e+03
 4.92300000e+03 5.09700000e+03 5.13200000e+03 5.28300000e+03
 5.32300000e+03 5.43700000e+03 5.48400000e+03 5.74300000e+03
 5.79000000e+03 5.95200000e+03 5.98900000e+03 6.30800000e+03
 6.30800000e+03 0.00000000e+00 7.27189055e+02 3.23441718e+02
 6.10828829e+01 5.80848587e+02 3.30964912e+01 0.00000000e+00
 0.00000000e+00 0.00000000e+00 0.00000000e+00 0.00000000e+00
 0.00000000e+00 3.12480000e+02 4.32124444e+02 2.03088889e+02
 3.37554444e+02 0.00000000e+00 9.64733333e+01 2.38668889e+02
 0.00000000e+00 0.00000000e+00 0.00000000e+00 0.00000000e+00
 0.00000000e+00]
[4.00000000e+00 8.40000000e+02 8.40000000e+02 1.14300000e+03
 1.17300000e+03 1.33700000e+03 1.38400000e+03 1.64500000e+03
 1.67500000e+03 1.78500000e+03 1.81500000e+03 1.96200000e+03
 1.99200000e+03 2.18400000e+03 2.21400000e+03 2.55700000e+03
 2.59200000e+03 2.71300000e+03 2.73800000e+03 3.06000000e+03
 3.09000000e+03 3.21100000e+03 3.25100000e+03 3.48500000e+03
 3.48500000e+03 3.80000000e+03 3.80000000e+03 4.01900000e+03
 4.06600000e+03 4.19000000e+03 4.22500000e+03 4.57900000e+03
 4.61400000e+03 4.72400000e+03 4.76400000e+03 5.10300000e+03
 5.13300000e+03 5.30700000e+03 5.34200000e+03 5.49300000e+03
 5.53300000e+03 5.64700000e+03 5.69400000e+03 5.95300000e+03
 6.00000000e+03 6.16200000e+03 6.19900000e+03 6.51800000e+03
 6.51800000e+03 0.00000000e+00 9.57761194e+02 4.21801793e+02
 8.02246246e+01 7.63526014e+02 4.21228070e+01 0.00000000e+00
 0.00000000e+00 0.00000000e+00 0.00000000e+00 0.00000000e+00
 0.00000000e+00 4.16640000e+02 5.60986667e+02 2.65988889e+02
 4.41530000e+02 0.00000000e+00 1.22532222e+02 3.12145556e+02
 0.00000000e+00 0.00000000e+00 0.00000000e+00 0.00000000e+00
 0.00000000e+00]
[5.00000000e+00 1.05000000e+03 1.05000000e+03 1.35300000e+03
 1.38300000e+03 1.54700000e+03 1.59400000e+03 1.85500000e+03
 1.88500000e+03 1.99500000e+03 2.02500000e+03 2.17200000e+03
 2.20200000e+03 2.39400000e+03 2.42400000e+03 2.76700000e+03
 2.80200000e+03 2.92300000e+03 2.94800000e+03 3.27000000e+03
 3.30000000e+03 3.42100000e+03 3.46100000e+03 3.69500000e+03
 3.69500000e+03 4.01000000e+03 4.01000000e+03 4.22900000e+03
 4.27600000e+03 4.40000000e+03 4.43500000e+03 4.78900000e+03
 4.82400000e+03 4.93400000e+03 4.97400000e+03 5.31300000e+03
 5.34300000e+03 5.51700000e+03 5.55200000e+03 5.70300000e+03
 5.74300000e+03 5.85700000e+03 5.90400000e+03 6.16300000e+03
 6.21000000e+03 6.37200000e+03 6.40900000e+03 6.72800000e+03
 6.72800000e+03 2.80046012e+01 1.26499556e+03 5.57893437e+02
 1.06992342e+02 9.94156226e+02 6.05444444e+01 0.00000000e+00
 0.00000000e+00 0.00000000e+00 0.00000000e+00 0.00000000e+00
 0.00000000e+00 5.69466667e+02 7.26841111e+02 3.59516667e+02
 5.87438889e+02 0.00000000e+00 1.73808889e+02 3.98682222e+02
 0.00000000e+00 0.00000000e+00 0.00000000e+00 0.00000000e+00
 0.00000000e+00]
[6.00000000e+00 1.26000000e+03 1.26000000e+03 1.56300000e+03
 1.59300000e+03 1.75700000e+03 1.80400000e+03 2.06500000e+03
 2.09500000e+03 2.20500000e+03 2.23500000e+03 2.38200000e+03
 2.41200000e+03 2.60400000e+03 2.63400000e+03 2.97700000e+03
 3.01200000e+03 3.13300000e+03 3.15800000e+03 3.48000000e+03
 3.51000000e+03 3.63100000e+03 3.67100000e+03 3.90500000e+03
 3.90500000e+03 4.22000000e+03 4.22000000e+03 4.43900000e+03
 4.48600000e+03 4.61000000e+03 4.64500000e+03 4.99900000e+03
 5.03400000e+03 5.14400000e+03 5.18400000e+03 5.52300000e+03
 5.55300000e+03 5.72700000e+03 5.76200000e+03 5.91300000e+03
 5.95300000e+03 6.06700000e+03 6.11400000e+03 6.37300000e+03
 6.42000000e+03 6.58200000e+03 6.61900000e+03 6.93800000e+03
 6.93800000e+03 7.28119632e+01 1.58264211e+03 6.96514803e+02
 1.35254580e+02 1.23277857e+03 8.02816667e+01 0.00000000e+00
 0.00000000e+00 0.00000000e+00 0.00000000e+00 0.00000000e+00
 0.00000000e+00 7.41760000e+02 8.95136667e+02 4.57183333e+02
 7.39014444e+02 0.00000000e+00 2.29226667e+02 4.86913333e+02
 0.00000000e+00 0.00000000e+00 0.00000000e+00 0.00000000e+00
 0.00000000e+00]
[7.00000000e+00 1.47000000e+03 1.47000000e+03 1.77300000e+03
 1.80300000e+03 1.96700000e+03 2.01400000e+03 2.27500000e+03
 2.30500000e+03 2.41500000e+03 2.44500000e+03 2.59200000e+03
 2.62200000e+03 2.81400000e+03 2.84400000e+03 3.18700000e+03
 3.22200000e+03 3.34300000e+03 3.36800000e+03 3.69000000e+03
 3.72000000e+03 3.84100000e+03 3.88100000e+03 4.11500000e+03
 4.11500000e+03 4.43000000e+03 4.43000000e+03 4.64900000e+03
 4.69600000e+03 4.82000000e+03 4.85500000e+03 5.20900000e+03
 5.24400000e+03 5.35400000e+03 5.39400000e+03 5.73300000e+03
 5.76300000e+03 5.93700000e+03 5.97200000e+03 6.12300000e+03
 6.16300000e+03 6.27700000e+03 6.32400000e+03 6.58300000e+03
 6.63000000e+03 6.79200000e+03 6.82900000e+03 7.14800000e+03
 7.14800000e+03 1.17619325e+02 1.90028867e+03 8.35136168e+02
 1.63516817e+02 1.47140091e+03 1.00163333e+02 0.00000000e+00
 0.00000000e+00 0.00000000e+00 0.00000000e+00 0.00000000e+00
 0.00000000e+00 9.14026667e+02 1.06343222e+03 5.54850000e+02
 8.90590000e+02 0.00000000e+00 2.84486667e+02 5.75144444e+02
 0.00000000e+00 0.00000000e+00 0.00000000e+00 0.00000000e+00
 0.00000000e+00]
[   8.         1680.         1680.         1983.         2013.
 2177.         2224.         2485.         2515.         2625.
 2655.         2802.         2832.         3024.         3054.
 3397.         3432.         3553.         3578.         3900.
 3930.         4051.         4091.         4325.         4325.
 4640.         4640.         4859.         4906.         5030.
 5065.         5419.         5454.         5564.         5604.
 5943.         5973.         6147.         6182.         6333.
 6373.         6487.         6534.         6793.         6840.
 7002.         7039.         7358.         7358.          162.42668712
 2217.93522556  973.75753365  191.77905405 1710.02325115  120.045
    0.            0.            0.            0.            0.
    0.         1086.40888889 1231.72777778  652.51666667 1042.16555556
    0.          339.74666667  663.37555556    0.            0.
    0.            0.            0.        ]
[   9.         1890.         1890.         2193.         2223.
 2387.         2434.         2695.         2725.         2835.
 2865.         3012.         3042.         3234.         3264.
 3607.         3642.         3763.         3788.         4110.
 4140.         4261.         4301.         4535.         4535.
 4850.         4850.         5069.         5116.         5240.
 5275.         5629.         5664.         5774.         5814.
 6153.         6183.         6357.         6392.         6543.
 6583.         6697.         6744.         7003.         7050.
 7212.         7249.         7568.         7568.          235.29591932
 2581.15983518 1135.4799739   225.59290419 1996.51866316  144.10761905
    0.            0.            0.            0.            0.
    0.         1291.99111111 1424.22666667  772.96111111 1219.71333333
    0.          411.58666667  758.27333333    0.            0.
    0.            0.            0.        ]
[  10.         2100.         2100.         2403.         2433.
 2597.         2644.         2905.         2935.         3045.
 3075.         3222.         3252.         3444.         3474.
 3817.         3852.         3973.         3998.         4320.
 4350.         4471.         4511.         4745.         4745.
 5060.         5060.         5279.         5326.         5450.
 5485.         5839.         5874.         5984.         6024.
 6363.         6393.         6567.         6602.         6753.
 6793.         6907.         6954.         7213.         7260.
 7422.         7459.         7778.         7778.          345.82978114
 2978.5679846  1309.51174593  263.32662017 2318.91887783  171.30595238
    0.            0.            0.            0.            0.
    0.         1541.84       1629.62222222  908.89444444 1414.92222222
    0.          495.69111111  857.70444444    0.            0.
    0.            0.            0.        ]
[  11.         2310.         2310.         2613.         2643.
 2807.         2854.         3115.         3145.         3255.
 3285.         3432.         3462.         3654.         3684.
 4027.         4062.         4183.         4208.         4530.
 4560.         4681.         4721.         4955.         4955.
 5270.         5270.         5489.         5536.         5660.
 5695.         6049.         6084.         6194.         6234.
 6573.         6603.         6777.         6812.         6963.
 7003.         7117.         7164.         7423.         7470.
 7632.         7669.         7988.         7988.          455.39961279
 3377.15855525 1482.94008192  301.42610191 2641.31909249  198.75595238
    0.            0.            0.            0.            0.
    0.         1791.68888889 1835.01777778 1044.82777778 1610.13111111
    0.          579.79555556  957.13555556    0.            0.
    0.            0.            0.        ]
[  12.         2520.         2520.         2823.         2853.
 3017.         3064.         3325.         3355.         3465.
 3495.         3642.         3672.         3864.         3894.
 4237.         4272.         4393.         4418.         4740.
 4770.         4891.         4931.         5165.         5165.
 5480.         5480.         5699.         5746.         5870.
 5905.         6259.         6294.         6404.         6444.
 6783.         6813.         6987.         7022.         7173.
 7213.         7327.         7374.         7633.         7680.
 7842.         7879.         8198.         8198.          564.96944444
 3775.7491259  1656.36841791  339.52558365 2963.71930716  226.20595238
    0.            0.            0.            0.            0.
    0.         2041.53777778 2040.53333333 1180.76111111 1805.34
    0.          663.9        1056.04555556    0.            0.
    0.            0.            0.        ]
[  13.         2730.         2730.         3033.         3063.
 3227.         3274.         3535.         3565.         3675.
 3705.         3852.         3882.         4074.         4104.
 4447.         4482.         4603.         4628.         4950.
 4980.         5101.         5141.         5375.         5375.
 5690.         5690.         5909.         5956.         6080.
 6115.         6469.         6504.         6614.         6654.
 6993.         7023.         7197.         7232.         7383.
 7423.         7537.         7584.         7843.         7890.
 8052.         8089.         8408.         8408.          686.94606457
 4200.46212164 1844.63640991  381.25509227 3303.00533659  255.94006211
    0.            0.            0.            0.            0.
    0.         2304.72       2264.13111111 1328.34444444 2011.45444444
    0.          755.91       1158.42222222    0.            0.
    0.            0.            0.        ]
[  14.         2940.         2940.         3243.         3273.
 3437.         3484.         3745.         3775.         3885.
 3915.         4062.         4092.         4284.         4314.
 4657.         4692.         4813.         4838.         5160.
 5190.         5311.         5351.         5585.         5585.
 5900.         5900.         6119.         6166.         6290.
 6325.         6679.         6714.         6824.         6864.
 7203.         7233.         7407.         7442.         7593.
 7633.         7747.         7794.         8053.         8100.
 8262.         8299.         8618.         8618.          883.36341553
 4690.48118012 2058.53653502  432.0596681  3684.50590293  291.77670807
    0.            0.            0.            0.            0.
    0.         2648.50666667 2518.17111111 1502.83333333 2241.61666667
    0.          866.67666667 1268.65555556    0.            0.
    0.            0.            0.        ]
[  15.         3150.         3150.         3453.         3483.
 3647.         3694.         3955.         3985.         4095.
 4125.         4272.         4302.         4494.         4524.
 4867.         4902.         5023.         5048.         5370.
 5400.         5521.         5561.         5795.         5795.
 6110.         6110.         6329.         6376.         6500.
 6535.         6889.         6924.         7034.         7074.
 7413.         7443.         7617.         7652.         7803.
 7843.         7957.         8004.         8263.         8310.
 8472.         8509.         8828.         8828.         1079.78076649
 5180.50023859 2272.43666013  482.86424392 4066.00646928  327.61335404
    0.            0.            0.            0.            0.
    0.         2991.04       2772.21111111 1678.14444444 2471.98777778
    0.          977.44333333 1378.21111111    0.            0.
    0.            0.            0.        ]
[  16.         3360.         3360.         3663.         3693.
 3857.         3904.         4165.         4195.         4305.
 4335.         4482.         4512.         4704.         4734.
 5077.         5112.         5233.         5258.         5580.
 5610.         5731.         5771.         6005.         6005.
 6320.         6320.         6539.         6586.         6710.
 6745.         7099.         7134.         7244.         7284.
 7623.         7653.         7827.         7862.         8013.
 8053.         8167.         8214.         8473.         8520.
 8682.         8719.         9038.         9038.         1277.47852941
 5668.15445461 2487.54365733  533.4249759  4447.50703562  363.16349206
    0.            0.            0.            0.            0.
    0.         3333.57333333 3026.25111111 1853.77555556 2702.35888889
    0.         1087.40666667 1488.35555556    0.            0.
    0.            0.            0.        ]
[  17.         3570.         3570.         3873.         3903.
 4067.         4114.         4375.         4405.         4515.
 4545.         4692.         4722.         4914.         4944.
 5287.         5322.         5443.         5468.         5790.
 5820.         5941.         5981.         6215.         6215.
 6530.         6530.         6749.         6796.         6920.
 6955.         7309.         7344.         7454.         7494.
 7833.         7863.         8037.         8072.         8223.
 8263.         8377.         8424.         8683.         8730.
 8892.         8929.         9248.         9248.         1475.15823529
 6155.80867063 2682.94130048  583.86378596 4829.00760197  398.42712215
    0.            0.            0.            0.            0.
    0.         3676.10666667 3253.73333333 2024.32       2926.05777778
    0.         1196.56666667 1595.61111111    0.            0.
    0.            0.            0.        ]
[  18.         3780.         3780.         4083.         4113.
 4277.         4324.         4585.         4615.         4725.
 4755.         4902.         4932.         5124.         5154.
 5497.         5532.         5653.         5678.         6000.
 6030.         6151.         6191.         6425.         6425.
 6740.         6740.         6959.         7006.         7130.
 7165.         7519.         7554.         7664.         7704.
 8043.         8073.         8247.         8282.         8433.
 8473.         8587.         8634.         8893.         8940.
 9102.         9139.         9458.         9458.         1290.23205882
 6151.07898572 2654.57980655  577.51126344 4781.97089907  365.19220152
    0.            0.            0.            0.            0.
    0.         3511.44       3179.70666667 2001.25333333 2876.19555556
    0.         1096.15       1560.27777778    0.            0.
    0.            0.            0.        ]
[  19.         3990.         3990.         4293.         4323.
 4487.         4534.         4795.         4825.         4935.
 4965.         5112.         5142.         5334.         5364.
 5707.         5742.         5863.         5888.         6210.
 6240.         6361.         6401.         6635.         6635.
 6950.         6950.         7169.         7216.         7340.
 7375.         7729.         7764.         7874.         7914.
 8253.         8283.         8457.         8492.         8643.
 8683.         8797.         8844.         9103.         9150.
 9312.         9349.         9668.         9668.         1041.53823529
 6146.34930082 2626.06302713  571.29404122 4734.93419617  331.95728088
    0.            0.            0.            0.            0.
    0.         3262.24       3105.68       1978.18666667 2826.33333333
    0.          995.73333333 1524.94444444    0.            0.
    0.            0.            0.        ]
[  20.         4200.         4200.         4503.         4533.
 4697.         4744.         5005.         5035.         5145.
 5175.         5322.         5352.         5544.         5574.
 5917.         5952.         6073.         6098.         6420.
 6450.         6571.         6611.         6845.         6845.
 7160.         7160.         7379.         7426.         7550.
 7585.         7939.         7974.         8084.         8124.
 8463.         8493.         8667.         8702.         8853.
 8893.         9007.         9054.         9313.         9360.
 9522.         9559.         9878.         9878.          792.84441176
 6141.61961591 2597.33394791  565.40404122 4687.89749327  298.72236025
    0.            0.            0.            0.            0.
    0.         3013.04       3031.65333333 1955.12       2776.47111111
    0.          895.31666667 1489.61111111    0.            0.
    0.            0.            0.        ]
[   21.          4410.          4410.          4713.
  4743.          4907.          4954.          5215.
  5245.          5355.          5385.          5532.
  5562.          5754.          5784.          6127.
  6162.          6283.          6308.          6630.
  6660.          6781.          6821.          7055.
  7055.          7370.          7370.          7589.
  7636.          7760.          7795.          8149.
  8184.          8294.          8334.          8673.
  8703.          8877.          8912.          9063.
  9103.          9217.          9264.          9523.
  9570.          9732.          9769.         10088.
 10088.           544.15058824  6136.889931    2568.60486868
   559.51404122  4641.42185848   265.18724638     0.
     0.             0.             0.             0.
     0.          2763.84        2957.62666667  1932.05333333
  2726.60888889     0.           794.43        1454.86666667
     0.             0.             0.             0.
     0.        ]
[   22.          4620.          4620.          4923.
  4953.          5117.          5164.          5425.
  5455.          5565.          5595.          5742.
  5772.          5964.          5994.          6337.
  6372.          6493.          6518.          6840.
  6870.          6991.          7031.          7265.
  7265.          7580.          7580.          7799.
  7846.          7970.          8005.          8359.
  8394.          8504.          8544.          8883.
  8913.          9087.          9122.          9273.
  9313.          9427.          9474.          9733.
  9780.          9942.          9979.         10298.
 10298.           295.45676471  6132.16024609  2539.87578945
   553.62404122  4595.17229886   231.26415459     0.
     0.             0.             0.             0.
     0.          2516.27555556  2882.44333333  1908.98666667
  2676.74666667     0.           693.42        1420.12222222
     0.             0.             0.             0.
     0.        ]
[   23.          4830.          4830.          5133.
  5163.          5327.          5374.          5635.
  5665.          5775.          5805.          5952.
  5982.          6174.          6204.          6547.
  6582.          6703.          6728.          7050.
  7080.          7201.          7241.          7475.
  7475.          7790.          7790.          8009.
  8056.          8180.          8215.          8569.
  8604.          8714.          8754.          9093.
  9123.          9297.          9332.          9483.
  9523.          9637.          9684.          9943.
  9990.         10152.         10189.         10508.
 10508.            46.76294118  6127.43056118  2511.14671022
   547.73404122  4548.92273924   197.3410628      0.
     0.             0.             0.             0.
     0.          2268.31111111  2807.26        1885.92
  2626.88444444     0.           592.41        1385.37777778
     0.             0.             0.             0.
     0.        ]
[   24.          5040.          5040.          5343.
  5373.          5537.          5584.          5845.
  5875.          5985.          6015.          6162.
  6192.          6384.          6414.          6757.
  6792.          6913.          6938.          7260.
  7290.          7411.          7451.          7685.
  7685.          8000.          8000.          8219.
  8266.          8390.          8425.          8779.
  8814.          8924.          8964.          9303.
  9333.          9507.          9542.          9693.
  9733.          9847.          9894.         10153.
 10200.         10362.         10399.         10718.
 10718.             0.          5924.0541101   2491.19596075
   542.49848566  4498.59233612   161.78705314     0.
     0.             0.             0.             0.
     0.          2020.34666667  2732.07666667  1862.85333333
  2577.02222222     0.           491.4         1350.63333333
     0.             0.             0.             0.
     0.        ]
[   25.          5250.          5250.          5553.
  5583.          5747.          5794.          6055.
  6085.          6195.          6225.          6372.
  6402.          6594.          6624.          6967.
  7002.          7123.          7148.          7470.
  7500.          7621.          7661.          7895.
  7895.          8210.          8210.          8429.
  8476.          8600.          8635.          8989.
  9024.          9134.          9174.          9513.
  9543.          9717.          9752.          9903.
  9943.         10057.         10104.         10363.
 10410.         10572.         10609.         10928.
 10928.             0.          5674.56323116  2472.84127125
   538.08098566  4446.90165184   125.9068599      0.
     0.             0.             0.             0.
     0.          1772.38222222  2656.89333333  1839.78666667
  2527.16           0.           390.39        1315.88888889
     0.             0.             0.             0.
     0.        ]
[   26.          5460.          5460.          5763.
  5793.          5957.          6004.          6265.
  6295.          6405.          6435.          6582.
  6612.          6804.          6834.          7177.
  7212.          7333.          7358.          7680.
  7710.          7831.          7871.          8105.
  8105.          8420.          8420.          8639.
  8686.          8810.          8845.          9199.
  9234.          9344.          9384.          9723.
  9753.          9927.          9962.         10113.
 10153.         10267.         10314.         10573.
 10620.         10782.         10819.         11138.
 11138.             0.          5425.07235223  2454.48658174
   533.66348566  4395.21096756    90.02666667     0.
     0.             0.             0.             0.
     0.          1524.41777778  2582.          1816.14333333
  2477.29777778     0.           290.29        1280.55555556
     0.             0.             0.             0.
     0.        ]
[   27.          5670.          5670.          5973.
  6003.          6167.          6214.          6475.
  6505.          6615.          6645.          6792.
  6822.          7014.          7044.          7387.
  7422.          7543.          7568.          7890.
  7920.          8041.          8081.          8315.
  8315.          8630.          8630.          8849.
  8896.          9020.          9055.          9409.
  9444.          9554.          9594.          9933.
  9963.         10137.         10172.         10323.
 10363.         10477.         10524.         10783.
 10830.         10992.         11029.         11348.
 11348.             0.          5176.08161071  2436.13189223
   528.75515233  4343.52028328    54.472657       0.
     0.             0.             0.             0.
     0.          1276.45333333  2507.33333333  1792.5
  2427.43555556     0.           190.19        1245.81111111
     0.             0.             0.             0.
     0.        ]
[   28.          5880.          5880.          6183.
  6213.          6377.          6424.          6685.
  6715.          6825.          6855.          7002.
  7032.          7224.          7254.          7597.
  7632.          7753.          7778.          8100.
  8130.          8251.          8291.          8525.
  8525.          8840.          8840.          9059.
  9106.          9230.          9265.          9619.
  9654.          9764.          9804.         10143.
 10173.         10347.         10382.         10533.
 10573.         10687.         10734.         10993.
 11040.         11202.         11239.         11558.
 11558.             0.          4926.77402644  2417.77720272
   523.68320789  4291.82959899    19.24483092     0.
     0.             0.             0.             0.
     0.          1028.48888889  2432.66666667  1768.85666667
  2377.57333333     0.            90.09        1211.06666667
     0.             0.             0.             0.
     0.        ]
[   29.          6090.          6090.          6393.
  6423.          6587.          6634.          6895.
  6925.          7035.          7065.          7212.
  7242.          7434.          7464.          7807.
  7842.          7963.          7988.          8310.
  8340.          8461.          8501.          8735.
  8735.          9050.          9050.          9269.
  9316.          9440.          9475.          9829.
  9864.          9974.         10014.         10353.
 10383.         10557.         10592.         10743.
 10783.         10897.         10944.         11203.
 11250.         11412.         11449.         11768.
 11768.             0.          4677.46644217  2399.42251322
   518.61126344  4240.13891471     0.             0.
     0.             0.             0.             0.
     0.           780.52444444  2358.          1745.21333333
  2327.71111111     0.             0.          1166.10888889
     0.             0.             0.             0.
     0.        ]
[   30.          6300.          6300.          6603.
  6633.          6797.          6844.          7105.
  7135.          7245.          7275.          7422.
  7452.          7644.          7674.          8017.
  8052.          8173.          8198.          8520.
  8550.          8671.          8711.          8945.
  8945.          9260.          9260.          9479.
  9526.          9650.          9685.         10039.
 10074.         10184.         10224.         10563.
 10593.         10767.         10802.         10953.
 10993.         11107.         11154.         11413.
 11460.         11622.         11659.         11978.
 11978.             0.          4428.1588579   2381.06782371
   513.539319    4188.44823043     0.             0.
     0.             0.             0.             0.
     0.           532.56        2283.33333333  1721.57
  2277.84888889     0.             0.          1034.45333333
     0.             0.             0.             0.
     0.        ]
[   31.          6510.          6510.          6813.
  6843.          7007.          7054.          7315.
  7345.          7455.          7485.          7632.
  7662.          7854.          7884.          8227.
  8262.          8383.          8408.          8730.
  8760.          8881.          8921.          9155.
  9155.          9470.          9470.          9689.
  9736.          9860.          9895.         10249.
 10284.         10394.         10434.         10773.
 10803.         10977.         11012.         11163.
 11203.         11317.         11364.         11623.
 11670.         11832.         11869.         12188.
 12188.             0.          4178.85127363  2362.7131342
   508.46737455  4136.75754615     0.             0.
     0.             0.             0.             0.
     0.           284.59555556  2208.66666667  1697.92666667
  2227.66666667     0.             0.           902.79777778
     0.             0.             0.             0.
     0.        ]
[   32.          6720.          6720.          7023.
  7053.          7217.          7264.          7525.
  7555.          7665.          7695.          7842.
  7872.          8064.          8094.          8437.
  8472.          8593.          8618.          8940.
  8970.          9091.          9131.          9365.
  9365.          9680.          9680.          9899.
  9946.         10070.         10105.         10459.
 10494.         10604.         10644.         10983.
 11013.         11187.         11222.         11373.
 11413.         11527.         11574.         11833.
 11880.         12042.         12079.         12398.
 12398.             0.          3929.54368936  2344.35844469
   503.39543011  4085.06686187     0.             0.
     0.             0.             0.             0.
     0.            36.63111111  2134.          1674.28333333
  2177.5            0.             0.           771.78444444
     0.             0.             0.             0.
     0.        ]
[   33.          6930.          6930.          7233.
  7263.          7427.          7474.          7735.
  7765.          7875.          7905.          8052.
  8082.          8274.          8304.          8647.
  8682.          8803.          8828.          9150.
  9180.          9301.          9341.          9575.
  9575.          9890.          9890.         10109.
 10156.         10280.         10315.         10669.
 10704.         10814.         10854.         11193.
 11223.         11397.         11432.         11583.
 11623.         11737.         11784.         12043.
 12090.         12252.         12289.         12608.
 12608.             0.          3679.67076385  2326.80178516
   498.48709677  4033.37617759     0.             0.
     0.             0.             0.             0.
     0.             0.          1910.          1631.03333333
  2144.83333333     0.             0.           640.12888889
     0.             0.             0.             0.
     0.        ]
[   34.          7140.          7140.          7443.
  7473.          7637.          7684.          7945.
  7975.          8085.          8115.          8262.
  8292.          8484.          8514.          8857.
  8892.          9013.          9038.          9360.
  9390.          9511.          9551.          9785.
  9785.         10100.         10100.         10319.
 10366.         10490.         10525.         10879.
 10914.         11024.         11064.         11403.
 11433.         11607.         11642.         11793.
 11833.         11947.         11994.         12253.
 12300.         12462.         12499.         12818.
 12818.             0.          3431.46027002  2308.44709566
   493.08793011  3981.6854933      0.             0.
     0.             0.             0.             0.
     0.             0.          1660.66666667  1584.32333333
  2114.5            0.             0.           508.45111111
     0.             0.             0.             0.
     0.        ]
[   35.          7350.          7350.          7653.
  7683.          7847.          7894.          8155.
  8185.          8295.          8325.          8472.
  8502.          8694.          8724.          9067.
  9102.          9223.          9248.          9570.
  9600.          9721.          9761.          9995.
  9995.         10310.         10310.         10529.
 10576.         10700.         10735.         11089.
 11124.         11234.         11274.         11613.
 11643.         11817.         11852.         12003.
 12043.         12157.         12204.         12463.
 12510.         12672.         12709.         13028.
 13028.             0.          3183.2497762   2290.09240615
   487.68876344  3929.99480902     0.             0.
     0.             0.             0.             0.
     0.             0.          1411.33333333  1537.61333333
  2084.16666667     0.             0.           376.99111111
     0.             0.             0.             0.
     0.        ]
[   36.          7560.          7560.          7863.
  7893.          8057.          8104.          8365.
  8395.          8505.          8535.          8682.
  8712.          8904.          8934.          9277.
  9312.          9433.          9458.          9780.
  9810.          9931.          9971.         10205.
 10205.         10520.         10520.         10739.
 10786.         10910.         10945.         11299.
 11334.         11444.         11484.         11823.
 11853.         12027.         12062.         12213.
 12253.         12367.         12414.         12673.
 12720.         12882.         12919.         13238.
 13238.             0.          2935.03928237  2271.73771664
   482.28959677  3878.30412474     0.             0.
     0.             0.             0.             0.
     0.             0.          1162.29333333  1490.50222222
  2055.             0.             0.           244.83555556
     0.             0.             0.             0.
     0.        ]
[   37.          7770.          7770.          8073.
  8103.          8267.          8314.          8575.
  8605.          8715.          8745.          8892.
  8922.          9114.          9144.          9487.
  9522.          9643.          9668.          9990.
 10020.         10141.         10181.         10415.
 10415.         10730.         10730.         10949.
 10996.         11120.         11155.         11509.
 11544.         11654.         11694.         12033.
 12063.         12237.         12272.         12423.
 12463.         12577.         12624.         12883.
 12930.         13092.         13129.         13448.
 13448.             0.          2686.82878854  2253.38302713
   476.89043011  3826.61344046     0.             0.
     0.             0.             0.             0.
     0.             0.           912.33777778  1444.21
  2025.83333333     0.             0.           112.68
     0.             0.             0.             0.
     0.        ]
[   38.          7980.          7980.          8283.
  8313.          8477.          8524.          8785.
  8815.          8925.          8955.          9102.
  9132.          9324.          9354.          9697.
  9732.          9853.          9878.         10200.
 10230.         10351.         10391.         10625.
 10625.         10940.         10940.         11159.
 11206.         11330.         11365.         11719.
 11754.         11864.         11904.         12243.
 12273.         12447.         12482.         12633.
 12673.         12787.         12834.         13093.
 13140.         13302.         13339.         13658.
 13658.             0.          2438.61829471  2235.02833763
   471.49126344  3774.92275618     0.             0.
     0.             0.             0.             0.
     0.             0.           662.38222222  1397.91777778
  1996.66666667     0.             0.             0.
     0.             0.             0.             0.
     0.        ]
[   39.          8190.          8190.          8493.
  8523.          8687.          8734.          8995.
  9025.          9135.          9165.          9312.
  9342.          9534.          9564.          9907.
  9942.         10063.         10088.         10410.
 10440.         10561.         10601.         10835.
 10835.         11150.         11150.         11369.
 11416.         11540.         11575.         11929.
 11964.         12074.         12114.         12453.
 12483.         12657.         12692.         12843.
 12883.         12997.         13044.         13303.
 13350.         13512.         13549.         13868.
 13868.             0.          2190.40780089  2216.67364812
   466.09209677  3723.23207189     0.             0.
     0.             0.             0.             0.
     0.             0.           412.42666667  1351.62555556
  1967.5            0.             0.             0.
     0.             0.             0.             0.
     0.        ]
[   40.          8400.          8400.          8703.
  8733.          8897.          8944.          9205.
  9235.          9345.          9375.          9522.
  9552.          9744.          9774.         10117.
 10152.         10273.         10298.         10620.
 10650.         10771.         10811.         11045.
 11045.         11360.         11360.         11579.
 11626.         11750.         11785.         12139.
 12174.         12284.         12324.         12663.
 12693.         12867.         12902.         13053.
 13093.         13207.         13254.         13513.
 13560.         13722.         13759.         14078.
 14078.             0.          1941.3993808   2199.11698859
   460.85654122  3671.54138761     0.             0.
     0.             0.             0.             0.
     0.             0.           162.47111111  1305.33333333
  1938.33333333     0.             0.             0.
     0.             0.             0.             0.
     0.        ]
[   41.          8610.          8610.          8913.
  8943.          9107.          9154.          9415.
  9445.          9555.          9585.          9732.
  9762.          9954.          9984.         10327.
 10362.         10483.         10508.         10830.
 10860.         10981.         11021.         11255.
 11255.         11570.         11570.         11789.
 11836.         11960.         11995.         12349.
 12384.         12494.         12534.         12873.
 12903.         13077.         13112.         13263.
 13303.         13417.         13464.         13723.
 13770.         13932.         13969.         14288.
 14288.             0.          1692.8627451   2180.76229908
   456.111819    3619.85070333     0.             0.
     0.             0.             0.             0.
     0.             0.             0.          1187.70555556
  1905.66666667     0.             0.             0.
     0.             0.             0.             0.
     0.        ]
[   42.          8820.          8820.          9123.
  9153.          9317.          9364.          9625.
  9655.          9765.          9795.          9942.
  9972.         10164.         10194.         10537.
 10572.         10693.         10718.         11040.
 11070.         11191.         11231.         11465.
 11465.         11780.         11780.         11999.
 12046.         12170.         12205.         12559.
 12594.         12704.         12744.         13083.
 13113.         13287.         13322.         13473.
 13513.         13627.         13674.         13933.
 13980.         14142.         14179.         14498.
 14498.             0.          1444.32610939  2162.40760958
   451.36709677  3568.16001905     0.             0.
     0.             0.             0.             0.
     0.             0.             0.           938.03111111
  1867.16666667     0.             0.             0.
     0.             0.             0.             0.
     0.        ]
[   43.          9030.          9030.          9333.
  9363.          9527.          9574.          9835.
  9865.          9975.         10005.         10152.
 10182.         10374.         10404.         10747.
 10782.         10903.         10928.         11250.
 11280.         11401.         11441.         11675.
 11675.         11990.         11990.         12209.
 12256.         12380.         12415.         12769.
 12804.         12914.         12954.         13293.
 13323.         13497.         13532.         13683.
 13723.         13837.         13884.         14143.
 14190.         14352.         14389.         14708.
 14708.             0.          1195.78947368  2144.05292007
   446.62237455  3516.46933477     0.             0.
     0.             0.             0.             0.
     0.             0.             0.           688.5
  1828.66666667     0.             0.             0.
     0.             0.             0.             0.
     0.        ]
[   44.          9240.          9240.          9543.
  9573.          9737.          9784.         10045.
 10075.         10185.         10215.         10362.
 10392.         10584.         10614.         10957.
 10992.         11113.         11138.         11460.
 11490.         11611.         11651.         11885.
 11885.         12200.         12200.         12419.
 12466.         12590.         12625.         12979.
 13014.         13124.         13164.         13503.
 13533.         13707.         13742.         13893.
 13933.         14047.         14094.         14353.
 14400.         14562.         14599.         14918.
 14918.             0.           947.25283798  2125.69823056
   441.87765233  3464.77865048     0.             0.
     0.             0.             0.             0.
     0.             0.             0.           439.16666667
  1790.16666667     0.             0.             0.
     0.             0.             0.             0.
     0.        ]
[   45.          9450.          9450.          9753.
  9783.          9947.          9994.         10255.
 10285.         10395.         10425.         10572.
 10602.         10794.         10824.         11167.
 11202.         11323.         11348.         11670.
 11700.         11821.         11861.         12095.
 12095.         12410.         12410.         12629.
 12676.         12800.         12835.         13189.
 13224.         13334.         13374.         13713.
 13743.         13917.         13952.         14103.
 14143.         14257.         14304.         14563.
 14610.         14772.         14809.         15128.
 15128.             0.           698.71620227  2107.34354105
   437.13293011  3414.61170178     0.             0.
     0.             0.             0.             0.
     0.             0.             0.           189.83333333
  1751.66666667     0.             0.             0.
     0.             0.             0.             0.
     0.        ]
[   46.          9660.          9660.          9963.
  9993.         10157.         10204.         10465.
 10495.         10605.         10635.         10782.
 10812.         11004.         11034.         11377.
 11412.         11533.         11558.         11880.
 11910.         12031.         12071.         12305.
 12305.         12620.         12620.         12839.
 12886.         13010.         13045.         13399.
 13434.         13544.         13584.         13923.
 13953.         14127.         14162.         14313.
 14353.         14467.         14514.         14773.
 14820.         14982.         15019.         15338.
 15338.             0.           450.17956656  2088.98885155
   432.38820789  3363.59422269     0.             0.
     0.             0.             0.             0.
     0.             0.             0.             0.
  1663.             0.             0.             0.
     0.             0.             0.             0.
     0.        ]
[   47.          9870.          9870.         10173.
 10203.         10367.         10414.         10675.
 10705.         10815.         10845.         10992.
 11022.         11214.         11244.         11587.
 11622.         11743.         11768.         12090.
 12120.         12241.         12281.         12515.
 12515.         12830.         12830.         13049.
 13096.         13220.         13255.         13609.
 13644.         13754.         13794.         14133.
 14163.         14337.         14372.         14523.
 14563.         14677.         14724.         14983.
 15030.         15192.         15229.         15548.
 15548.             0.           201.64293086  2070.63416204
   427.60735663  3312.57674359     0.             0.
     0.             0.             0.             0.
     0.             0.             0.             0.
  1413.33333333     0.             0.             0.
     0.             0.             0.             0.
     0.        ]
[   48.         10080.         10080.         10383.
 10413.         10577.         10624.         10885.
 10915.         11025.         11055.         11202.
 11232.         11424.         11454.         11797.
 11832.         11953.         11978.         12300.
 12330.         12451.         12491.         12725.
 12725.         13040.         13040.         13259.
 13306.         13430.         13465.         13819.
 13854.         13964.         14004.         14343.
 14373.         14547.         14582.         14733.
 14773.         14887.         14934.         15193.
 15240.         15402.         15439.         15758.
 15758.             0.             0.          2008.38782371
   423.40986559  3265.07771134     0.             0.
     0.             0.             0.             0.
     0.             0.             0.             0.
  1163.63555556     0.             0.             0.
     0.             0.             0.             0.
     0.        ]
[   49.         10290.         10290.         10593.
 10623.         10787.         10834.         11095.
 11125.         11235.         11265.         11412.
 11442.         11634.         11664.         12007.
 12042.         12163.         12188.         12510.
 12540.         12661.         12701.         12935.
 12935.         13250.         13250.         13469.
 13516.         13640.         13675.         14029.
 14064.         14174.         14214.         14553.
 14583.         14757.         14792.         14943.
 14983.         15097.         15144.         15403.
 15450.         15612.         15649.         15968.
 15968.             0.             0.          1758.75810235
   419.63212366  3231.65246641     0.             0.
     0.             0.             0.             0.
     0.             0.             0.             0.
   914.09444444     0.             0.             0.
     0.             0.             0.             0.
     0.        ]
[   50.         10500.         10500.         10803.
 10833.         10997.         11044.         11305.
 11335.         11445.         11475.         11622.
 11652.         11844.         11874.         12217.
 12252.         12373.         12398.         12720.
 12750.         12871.         12911.         13145.
 13145.         13460.         13460.         13679.
 13726.         13850.         13885.         14239.
 14274.         14384.         14424.         14763.
 14793.         14967.         15002.         15153.
 15193.         15307.         15354.         15613.
 15660.         15822.         15859.         16178.
 16178.             0.             0.          1509.36215418
   415.43463262  3198.22722149     0.             0.
     0.             0.             0.             0.
     0.             0.             0.             0.
   664.55333333     0.             0.             0.
     0.             0.             0.             0.
     0.        ]
[   51.         10710.         10710.         11013.
 11043.         11207.         11254.         11515.
 11545.         11655.         11685.         11832.
 11862.         12054.         12084.         12427.
 12462.         12583.         12608.         12930.
 12960.         13081.         13121.         13355.
 13355.         13670.         13670.         13889.
 13936.         14060.         14095.         14449.
 14484.         14594.         14634.         14973.
 15003.         15177.         15212.         15363.
 15403.         15517.         15564.         15823.
 15870.         16032.         16069.         16388.
 16388.             0.             0.          1259.966206
   411.23714158  3164.80197657     0.             0.
     0.             0.             0.             0.
     0.             0.             0.             0.
   415.01222222     0.             0.             0.
     0.             0.             0.             0.
     0.        ]
[   52.         10920.         10920.         11223.
 11253.         11417.         11464.         11725.
 11755.         11865.         11895.         12042.
 12072.         12264.         12294.         12637.
 12672.         12793.         12818.         13140.
 13170.         13291.         13331.         13565.
 13565.         13880.         13880.         14099.
 14146.         14270.         14305.         14659.
 14694.         14804.         14844.         15183.
 15213.         15387.         15422.         15573.
 15613.         15727.         15774.         16033.
 16080.         16242.         16279.         16598.
 16598.             0.             0.          1010.97392505
   406.61990143  3131.37673165     0.             0.
     0.             0.             0.             0.
     0.             0.             0.             0.
   165.47111111     0.             0.             0.
     0.             0.             0.             0.
     0.        ]
[   53.         11130.         11130.         11433.
 11463.         11627.         11674.         11935.
 11965.         12075.         12105.         12252.
 12282.         12474.         12504.         12847.
 12882.         13003.         13028.         13350.
 13380.         13501.         13541.         13775.
 13775.         14090.         14090.         14309.
 14356.         14480.         14515.         14869.
 14904.         15014.         15054.         15393.
 15423.         15597.         15632.         15783.
 15823.         15937.         15984.         16243.
 16290.         16452.         16489.         16808.
 16808.             0.             0.           761.70856509
   402.42241039  3097.95148672     0.             0.
     0.             0.             0.             0.
     0.             0.             0.             0.
     0.             0.             0.             0.
     0.             0.             0.             0.
     0.        ]
[   54.         11340.         11340.         11643.
 11673.         11837.         11884.         12145.
 12175.         12285.         12315.         12462.
 12492.         12684.         12714.         13057.
 13092.         13213.         13238.         13560.
 13590.         13711.         13751.         13985.
 13985.         14300.         14300.         14519.
 14566.         14690.         14725.         15079.
 15114.         15224.         15264.         15603.
 15633.         15807.         15842.         15993.
 16033.         16147.         16194.         16453.
 16500.         16662.         16699.         17018.
 17018.             0.             0.           512.44320513
   398.22491935  3064.5262418      0.             0.
     0.             0.             0.             0.
     0.             0.             0.             0.
     0.             0.             0.             0.
     0.             0.             0.             0.
     0.        ]
[   55.         11550.         11550.         11853.
 11883.         12047.         12094.         12355.
 12385.         12495.         12525.         12672.
 12702.         12894.         12924.         13267.
 13302.         13423.         13448.         13770.
 13800.         13921.         13961.         14195.
 14195.         14510.         14510.         14729.
 14776.         14900.         14935.         15289.
 15324.         15434.         15474.         15813.
 15843.         16017.         16052.         16203.
 16243.         16357.         16404.         16663.
 16710.         16872.         16909.         17228.
 17228.             0.             0.           263.17784517
   394.02742832  3031.10099688     0.             0.
     0.             0.             0.             0.
     0.             0.             0.             0.
     0.             0.             0.             0.
     0.             0.             0.             0.
     0.        ]
[5.60000000e+01 1.17600000e+04 1.17600000e+04 1.20630000e+04
 1.20930000e+04 1.22570000e+04 1.23040000e+04 1.25650000e+04
 1.25950000e+04 1.27050000e+04 1.27350000e+04 1.28820000e+04
 1.29120000e+04 1.31040000e+04 1.31340000e+04 1.34770000e+04
 1.35120000e+04 1.36330000e+04 1.36580000e+04 1.39800000e+04
 1.40100000e+04 1.41310000e+04 1.41710000e+04 1.44050000e+04
 1.44050000e+04 1.47200000e+04 1.47200000e+04 1.49390000e+04
 1.49860000e+04 1.51100000e+04 1.51450000e+04 1.54990000e+04
 1.55340000e+04 1.56440000e+04 1.56840000e+04 1.60230000e+04
 1.60530000e+04 1.62270000e+04 1.62620000e+04 1.64130000e+04
 1.64530000e+04 1.65670000e+04 1.66140000e+04 1.68730000e+04
 1.69200000e+04 1.70820000e+04 1.71190000e+04 1.74380000e+04
 1.74380000e+04 0.00000000e+00 0.00000000e+00 1.39124852e+01
 3.89829937e+02 2.99767575e+03 0.00000000e+00 0.00000000e+00
 0.00000000e+00 0.00000000e+00 0.00000000e+00 0.00000000e+00
 0.00000000e+00 0.00000000e+00 0.00000000e+00 0.00000000e+00
 0.00000000e+00 0.00000000e+00 0.00000000e+00 0.00000000e+00
 0.00000000e+00 0.00000000e+00 0.00000000e+00 0.00000000e+00
 0.00000000e+00]
[   57.         11970.         11970.         12273.
 12303.         12467.         12514.         12775.
 12805.         12915.         12945.         13092.
 13122.         13314.         13344.         13687.
 13722.         13843.         13868.         14190.
 14220.         14341.         14381.         14615.
 14615.         14930.         14930.         15149.
 15196.         15320.         15355.         15709.
 15744.         15854.         15894.         16233.
 16263.         16437.         16472.         16623.
 16663.         16777.         16824.         17083.
 17130.         17292.         17329.         17648.
 17648.             0.             0.             0.
   153.573       2934.34370895     0.             0.
     0.             0.             0.             0.
     0.             0.             0.             0.
     0.             0.             0.             0.
     0.             0.             0.             0.
     0.        ]
[   58.         12180.         12180.         12483.
 12513.         12677.         12724.         12985.
 13015.         13125.         13155.         13302.
 13332.         13524.         13554.         13897.
 13932.         14053.         14078.         14400.
 14430.         14551.         14591.         14825.
 14825.         15140.         15140.         15359.
 15406.         15530.         15565.         15919.
 15954.         16064.         16104.         16443.
 16473.         16647.         16682.         16833.
 16873.         16987.         17034.         17293.
 17340.         17502.         17539.         17858.
 17858.             0.             0.             0.
     0.          2797.12428242     0.             0.
     0.             0.             0.             0.
     0.             0.             0.             0.
     0.             0.             0.             0.
     0.             0.             0.             0.
     0.        ]
[   59.         12390.         12390.         12693.
 12723.         12887.         12934.         13195.
 13225.         13335.         13365.         13512.
 13542.         13734.         13764.         14107.
 14142.         14263.         14288.         14610.
 14640.         14761.         14801.         15035.
 15035.         15350.         15350.         15569.
 15616.         15740.         15775.         16129.
 16164.         16274.         16314.         16653.
 16683.         16857.         16892.         17043.
 17083.         17197.         17244.         17503.
 17550.         17712.         17749.         18068.
 18068.             0.             0.             0.
     0.          2547.31455721     0.             0.
     0.             0.             0.             0.
     0.             0.             0.             0.
     0.             0.             0.             0.
     0.             0.             0.             0.
     0.        ]
[   60.         12600.         12600.         12903.
 12933.         13097.         13144.         13405.
 13435.         13545.         13575.         13722.
 13752.         13944.         13974.         14317.
 14352.         14473.         14498.         14820.
 14850.         14971.         15011.         15245.
 15245.         15560.         15560.         15779.
 15826.         15950.         15985.         16339.
 16374.         16484.         16524.         16863.
 16893.         17067.         17102.         17253.
 17293.         17407.         17454.         17713.
 17760.         17922.         17959.         18278.
 18278.             0.             0.             0.
     0.          2297.50483201     0.             0.
     0.             0.             0.             0.
     0.             0.             0.             0.
     0.             0.             0.             0.
     0.             0.             0.             0.
     0.        ]
[   61.        12810.        12810.        13113.        13143.
 13307.        13354.        13615.        13645.        13755.
 13785.        13932.        13962.        14154.        14184.
 14527.        14562.        14683.        14708.        15030.
 15060.        15181.        15221.        15455.        15455.
 15770.        15770.        15989.        16036.        16160.
 16195.        16549.        16584.        16694.        16734.
 17073.        17103.        17277.        17312.        17463.
 17503.        17617.        17664.        17923.        17970.
 18132.        18169.        18488.        18488.            0.
     0.            0.            0.         2047.6951068     0.
     0.            0.            0.            0.            0.
     0.            0.            0.            0.            0.
     0.            0.            0.            0.            0.
     0.            0.            0.       ]
[   62.         13020.         13020.         13323.
 13353.         13517.         13564.         13825.
 13855.         13965.         13995.         14142.
 14172.         14364.         14394.         14737.
 14772.         14893.         14918.         15240.
 15270.         15391.         15431.         15665.
 15665.         15980.         15980.         16199.
 16246.         16370.         16405.         16759.
 16794.         16904.         16944.         17283.
 17313.         17487.         17522.         17673.
 17713.         17827.         17874.         18133.
 18180.         18342.         18379.         18698.
 18698.             0.             0.             0.
     0.          1797.81587716     0.             0.
     0.             0.             0.             0.
     0.             0.             0.             0.
     0.             0.             0.             0.
     0.             0.             0.             0.
     0.        ]
[   63.         13230.         13230.         13533.
 13563.         13727.         13774.         14035.
 14065.         14175.         14205.         14352.
 14382.         14574.         14604.         14947.
 14982.         15103.         15128.         15450.
 15480.         15601.         15641.         15875.
 15875.         16190.         16190.         16409.
 16456.         16580.         16615.         16969.
 17004.         17114.         17154.         17493.
 17523.         17697.         17732.         17883.
 17923.         18037.         18084.         18343.
 18390.         18552.         18589.         18908.
 18908.             0.             0.             0.
     0.          1548.85613027     0.             0.
     0.             0.             0.             0.
     0.             0.             0.             0.
     0.             0.             0.             0.
     0.             0.             0.             0.
     0.        ]
[   64.         13440.         13440.         13743.
 13773.         13937.         13984.         14245.
 14275.         14385.         14415.         14562.
 14592.         14784.         14814.         15157.
 15192.         15313.         15338.         15660.
 15690.         15811.         15851.         16085.
 16085.         16400.         16400.         16619.
 16666.         16790.         16825.         17179.
 17214.         17324.         17364.         17703.
 17733.         17907.         17942.         18093.
 18133.         18247.         18294.         18553.
 18600.         18762.         18799.         19118.
 19118.             0.             0.             0.
     0.          1299.89638337     0.             0.
     0.             0.             0.             0.
     0.             0.             0.             0.
     0.             0.             0.             0.
     0.             0.             0.             0.
     0.        ]
[   65.         13650.         13650.         13953.
 13983.         14147.         14194.         14455.
 14485.         14595.         14625.         14772.
 14802.         14994.         15024.         15367.
 15402.         15523.         15548.         15870.
 15900.         16021.         16061.         16295.
 16295.         16610.         16610.         16829.
 16876.         17000.         17035.         17389.
 17424.         17534.         17574.         17913.
 17943.         18117.         18152.         18303.
 18343.         18457.         18504.         18763.
 18810.         18972.         19009.         19328.
 19328.             0.             0.             0.
     0.          1050.93663648     0.             0.
     0.             0.             0.             0.
     0.             0.             0.             0.
     0.             0.             0.             0.
     0.             0.             0.             0.
     0.        ]
[   66.         13860.         13860.         14163.
 14193.         14357.         14404.         14665.
 14695.         14805.         14835.         14982.
 15012.         15204.         15234.         15577.
 15612.         15733.         15758.         16080.
 16110.         16231.         16271.         16505.
 16505.         16820.         16820.         17039.
 17086.         17210.         17245.         17599.
 17634.         17744.         17784.         18123.
 18153.         18327.         18362.         18513.
 18553.         18667.         18714.         18973.
 19020.         19182.         19219.         19538.
 19538.             0.             0.             0.
     0.           801.97688959     0.             0.
     0.             0.             0.             0.
     0.             0.             0.             0.
     0.             0.             0.             0.
     0.             0.             0.             0.
     0.        ]
[   67.         14070.         14070.         14373.
 14403.         14567.         14614.         14875.
 14905.         15015.         15045.         15192.
 15222.         15414.         15444.         15787.
 15822.         15943.         15968.         16290.
 16320.         16441.         16481.         16715.
 16715.         17030.         17030.         17249.
 17296.         17420.         17455.         17809.
 17844.         17954.         17994.         18333.
 18363.         18537.         18572.         18723.
 18763.         18877.         18924.         19183.
 19230.         19392.         19429.         19748.
 19748.             0.             0.             0.
     0.           553.01714269     0.             0.
     0.             0.             0.             0.
     0.             0.             0.             0.
     0.             0.             0.             0.
     0.             0.             0.             0.
     0.        ]
[   68.        14280.        14280.        14583.        14613.
 14777.        14824.        15085.        15115.        15225.
 15255.        15402.        15432.        15624.        15654.
 15997.        16032.        16153.        16178.        16500.
 16530.        16651.        16691.        16925.        16925.
 17240.        17240.        17459.        17506.        17630.
 17665.        18019.        18054.        18164.        18204.
 18543.        18573.        18747.        18782.        18933.
 18973.        19087.        19134.        19393.        19440.
 19602.        19639.        19958.        19958.            0.
     0.            0.            0.          304.0573958     0.
     0.            0.            0.            0.            0.
     0.            0.            0.            0.            0.
     0.            0.            0.            0.            0.
     0.            0.            0.       ]
[   69.        14490.        14490.        14793.        14823.
 14987.        15034.        15295.        15325.        15435.
 15465.        15612.        15642.        15834.        15864.
 16207.        16242.        16363.        16388.        16710.
 16740.        16861.        16901.        17135.        17135.
 17450.        17450.        17669.        17716.        17840.
 17875.        18229.        18264.        18374.        18414.
 18753.        18783.        18957.        18992.        19143.
 19183.        19297.        19344.        19603.        19650.
 19812.        19849.        20168.        20168.            0.
     0.            0.            0.           55.0976489     0.
     0.            0.            0.            0.            0.
     0.            0.            0.            0.            0.
     0.            0.            0.            0.            0.
     0.            0.            0.       ]
[   70. 14700. 14700. 15003. 15033. 15197. 15244. 15505. 15535. 15645.
 15675. 15822. 15852. 16044. 16074. 16417. 16452. 16573. 16598. 16920.
 16950. 17071. 17111. 17345. 17345. 17660. 17660. 17879. 17926. 18050.
 18085. 18439. 18474. 18584. 18624. 18963. 18993. 19167. 19202. 19353.
 19393. 19507. 19554. 19813. 19860. 20022. 20059. 20378. 20378.     0.
     0.     0.     0.     0.     0.     0.     0.     0.     0.     0.
     0.     0.     0.     0.     0.     0.     0.     0.     0.     0.
     0.     0.     0.]
